训练过程：
🎯 使用设备: cpu
Time: 2025-11-28 07:01:22 Train ---- Epoch [0/100], Iteration [53/53]: Loss: 2.1972692012786865

[DEBUG] 预测: [6, 6, 6, 6, 6, 6, 6, 6, 6, 6]
[DEBUG] 真实: [1, 5, 5, 4, 6, 6, 5, 1, 0, 0]

[DEBUG] 预测: [6, 6, 6, 6, 6, 6, 6, 6, 6, 6]
[DEBUG] 真实: [1, 5, 5, 2, 1, 0, 6, 4, 6, 1]

[DEBUG] 预测: [6, 6, 6, 6, 6, 6, 6, 6, 6, 6]
[DEBUG] 真实: [6, 6, 2, 5, 0, 2, 4, 6, 5, 2]

[DEBUG] 预测: [6, 6, 6, 6, 6, 6, 6, 6, 6, 6]
[DEBUG] 真实: [6, 6, 2, 1, 1, 1, 5, 0, 0, 6]

[DEBUG] 预测: [6, 6, 6, 6, 6, 6, 6, 6, 6, 6]
[DEBUG] 真实: [2, 0, 2, 4, 6, 2, 6, 2, 4, 0]

[DEBUG] 预测: [6, 6, 6, 6, 6, 6, 6, 6, 6, 6]
[DEBUG] 真实: [4, 6, 4, 2, 1, 2, 0, 1, 0, 5]
Time: 2025-11-28 07:01:50 Eval ---- Epoch [0/100], Iteration [6/6]: F1Score: 0.10000000149011612
Save model ResNet18 || F1Score:0.1
Time: 2025-11-28 07:05:40 Train ---- Epoch [1/100], Iteration [53/53]: Loss: 1.955710530281067

[DEBUG] 预测: [2, 2, 2, 2, 2, 4, 2, 2, 2, 4]
[DEBUG] 真实: [0, 2, 0, 1, 5, 5, 6, 0, 2, 5]

[DEBUG] 预测: [5, 5, 4, 2, 0, 3, 2, 2, 2, 2]
[DEBUG] 真实: [1, 2, 1, 2, 6, 0, 6, 0, 4, 1]

[DEBUG] 预测: [2, 2, 3, 2, 2, 2, 3, 3, 4, 4]
[DEBUG] 真实: [4, 5, 6, 5, 1, 2, 6, 4, 1, 2]

[DEBUG] 预测: [5, 3, 2, 2, 4, 2, 4, 5, 4, 2]
[DEBUG] 真实: [2, 5, 4, 2, 5, 4, 2, 1, 4, 2]

[DEBUG] 预测: [3, 3, 4, 3, 5, 4, 2, 2, 4, 3]
[DEBUG] 真实: [6, 1, 2, 1, 4, 6, 2, 5, 5, 4]

[DEBUG] 预测: [3, 5, 3, 2, 0, 2, 2, 2, 2, 3]
[DEBUG] 真实: [5, 4, 6, 2, 0, 0, 6, 1, 2, 6]
Time: 2025-11-28 07:06:09 Eval ---- Epoch [1/100], Iteration [6/6]: F1Score: 0.15000000596046448
Save model ResNet18 || F1Score:0.15
Time: 2025-11-28 07:09:05 Train ---- Epoch [2/100], Iteration [53/53]: Loss: 1.860653042793274

[DEBUG] 预测: [0, 0, 0, 0, 0, 0, 1, 0, 1, 0]
[DEBUG] 真实: [5, 1, 1, 5, 6, 5, 6, 4, 1, 0]

[DEBUG] 预测: [0, 0, 1, 2, 0, 0, 0, 0, 0, 0]
[DEBUG] 真实: [4, 6, 0, 2, 0, 2, 0, 1, 5, 1]

[DEBUG] 预测: [1, 0, 0, 0, 1, 0, 0, 0, 0, 0]
[DEBUG] 真实: [1, 2, 6, 0, 6, 1, 6, 0, 4, 1]

[DEBUG] 预测: [1, 0, 0, 1, 0, 0, 1, 1, 0, 0]
[DEBUG] 真实: [1, 2, 6, 1, 0, 5, 5, 4, 0, 0]

[DEBUG] 预测: [0, 0, 1, 0, 0, 0, 1, 1, 1, 0]
[DEBUG] 真实: [2, 0, 5, 0, 6, 6, 1, 4, 4, 2]

[DEBUG] 预测: [0, 0, 0, 0, 1, 0, 0, 1, 0, 0]
[DEBUG] 真实: [4, 6, 2, 1, 6, 0, 6, 5, 0, 5]
Time: 2025-11-28 07:09:36 Eval ---- Epoch [2/100], Iteration [6/6]: F1Score: 0.30000001192092896
Save model ResNet18 || F1Score:0.3
Time: 2025-11-28 07:12:05 Train ---- Epoch [3/100], Iteration [53/53]: Loss: 1.9394192695617676

[DEBUG] 预测: [1, 1, 1, 1, 1, 1, 1, 1, 1, 1]
[DEBUG] 真实: [0, 1, 1, 6, 0, 1, 4, 5, 1, 1]

[DEBUG] 预测: [1, 0, 1, 1, 1, 1, 1, 1, 1, 1]
[DEBUG] 真实: [4, 0, 6, 4, 1, 0, 0, 4, 5, 5]

[DEBUG] 预测: [1, 1, 1, 1, 1, 1, 1, 1, 1, 1]
[DEBUG] 真实: [6, 1, 1, 0, 0, 4, 5, 5, 5, 5]

[DEBUG] 预测: [6, 1, 1, 1, 1, 1, 1, 1, 1, 1]
[DEBUG] 真实: [2, 0, 1, 4, 2, 1, 1, 1, 0, 0]

[DEBUG] 预测: [1, 1, 1, 1, 1, 1, 1, 1, 1, 1]
[DEBUG] 真实: [6, 4, 6, 6, 4, 6, 4, 4, 6, 0]

[DEBUG] 预测: [1, 1, 1, 1, 1, 1, 1, 1, 1, 5]
[DEBUG] 真实: [4, 2, 6, 2, 6, 5, 6, 0, 6, 0]
Time: 2025-11-28 07:12:30 Eval ---- Epoch [3/100], Iteration [6/6]: F1Score: 0.10000000149011612
Time: 2025-11-28 07:14:58 Train ---- Epoch [4/100], Iteration [53/53]: Loss: 1.9491418600082397

[DEBUG] 预测: [4, 4, 4, 4, 4, 4, 5, 4, 4, 4]
[DEBUG] 真实: [1, 2, 0, 4, 0, 5, 5, 6, 1, 1]

[DEBUG] 预测: [4, 4, 4, 4, 4, 1, 4, 4, 4, 4]
[DEBUG] 真实: [2, 5, 2, 4, 0, 5, 6, 1, 4, 5]

[DEBUG] 预测: [4, 4, 5, 4, 2, 4, 4, 4, 4, 4]
[DEBUG] 真实: [6, 2, 4, 5, 0, 6, 2, 1, 0, 6]

[DEBUG] 预测: [4, 4, 4, 4, 4, 4, 4, 4, 4, 4]
[DEBUG] 真实: [2, 5, 2, 0, 4, 1, 6, 5, 4, 0]

[DEBUG] 预测: [4, 4, 4, 4, 4, 4, 4, 4, 4, 5]
[DEBUG] 真实: [2, 2, 1, 4, 4, 0, 1, 2, 0, 1]

[DEBUG] 预测: [4, 4, 3, 4, 5, 4, 4, 4, 4, 4]
[DEBUG] 真实: [1, 1, 0, 4, 6, 5, 0, 6, 1, 0]
Time: 2025-11-28 07:15:23 Eval ---- Epoch [4/100], Iteration [6/6]: F1Score: 0.10000000149011612
Time: 2025-11-28 07:17:51 Train ---- Epoch [5/100], Iteration [53/53]: Loss: 1.610450029373169

[DEBUG] 预测: [0, 0, 4, 2, 2, 6, 3, 0, 4, 3]
[DEBUG] 真实: [0, 0, 2, 5, 2, 0, 5, 0, 6, 4]

[DEBUG] 预测: [6, 3, 5, 0, 2, 0, 0, 3, 6, 1]
[DEBUG] 真实: [1, 6, 1, 0, 1, 0, 0, 0, 5, 2]

[DEBUG] 预测: [3, 6, 1, 2, 3, 1, 1, 1, 0, 0]
[DEBUG] 真实: [2, 4, 1, 1, 2, 4, 4, 0, 6, 2]

[DEBUG] 预测: [2, 1, 6, 4, 0, 2, 0, 0, 0, 1]
[DEBUG] 真实: [2, 1, 1, 2, 4, 2, 0, 5, 2, 4]

[DEBUG] 预测: [4, 0, 0, 0, 5, 0, 5, 5, 3, 4]
[DEBUG] 真实: [4, 1, 1, 1, 2, 0, 4, 1, 5, 1]

[DEBUG] 预测: [5, 5, 2, 5, 1, 3, 0, 0, 1, 0]
[DEBUG] 真实: [1, 0, 5, 4, 6, 5, 0, 1, 5, 2]
Time: 2025-11-28 07:18:16 Eval ---- Epoch [5/100], Iteration [6/6]: F1Score: 0.25
Time: 2025-11-28 07:20:45 Train ---- Epoch [6/100], Iteration [53/53]: Loss: 1.8922936916351318

[DEBUG] 预测: [0, 2, 0, 0, 0, 0, 0, 0, 2, 0]
[DEBUG] 真实: [2, 5, 2, 0, 1, 1, 2, 0, 5, 0]

[DEBUG] 预测: [0, 0, 0, 0, 0, 0, 0, 0, 2, 0]
[DEBUG] 真实: [1, 0, 5, 6, 4, 2, 6, 0, 2, 4]

[DEBUG] 预测: [0, 0, 0, 2, 0, 0, 0, 0, 0, 0]
[DEBUG] 真实: [0, 5, 1, 2, 1, 0, 6, 4, 0, 4]

[DEBUG] 预测: [2, 0, 0, 0, 0, 2, 0, 0, 0, 2]
[DEBUG] 真实: [5, 1, 0, 0, 5, 4, 5, 1, 2, 6]

[DEBUG] 预测: [0, 0, 0, 2, 0, 0, 0, 0, 0, 0]
[DEBUG] 真实: [5, 6, 0, 4, 0, 6, 2, 0, 2, 6]

[DEBUG] 预测: [2, 0, 0, 0, 0, 0, 2, 0, 2, 0]
[DEBUG] 真实: [1, 1, 5, 5, 2, 5, 2, 6, 6, 6]
Time: 2025-11-28 07:21:11 Eval ---- Epoch [6/100], Iteration [6/6]: F1Score: 0.10000000149011612
Time: 2025-11-28 07:23:39 Train ---- Epoch [7/100], Iteration [53/53]: Loss: 1.1447784900665283

[DEBUG] 预测: [1, 1, 1, 4, 1, 1, 1, 1, 1, 1]
[DEBUG] 真实: [4, 2, 2, 5, 5, 5, 4, 6, 2, 0]

[DEBUG] 预测: [1, 4, 1, 5, 4, 1, 1, 1, 1, 2]
[DEBUG] 真实: [0, 5, 5, 5, 2, 2, 5, 0, 0, 0]

[DEBUG] 预测: [1, 1, 1, 1, 4, 1, 1, 1, 0, 4]
[DEBUG] 真实: [5, 1, 6, 6, 1, 0, 0, 4, 0, 5]

[DEBUG] 预测: [1, 1, 1, 1, 1, 1, 1, 1, 1, 1]
[DEBUG] 真实: [5, 6, 0, 4, 5, 1, 0, 4, 6, 4]

[DEBUG] 预测: [1, 1, 4, 1, 1, 1, 1, 1, 1, 1]
[DEBUG] 真实: [2, 4, 4, 6, 0, 1, 6, 2, 4, 5]

[DEBUG] 预测: [4, 1, 1, 1, 4, 1, 1, 1, 4, 1]
[DEBUG] 真实: [5, 4, 4, 6, 5, 6, 2, 2, 2, 2]
Time: 2025-11-28 07:24:04 Eval ---- Epoch [7/100], Iteration [6/6]: F1Score: 0.05000000074505806
Time: 2025-11-28 07:26:36 Train ---- Epoch [8/100], Iteration [53/53]: Loss: 0.8982622623443604

[DEBUG] 预测: [4, 6, 0, 6, 0, 0, 6, 2, 3, 4]
[DEBUG] 真实: [6, 2, 0, 6, 1, 0, 5, 2, 4, 4]

[DEBUG] 预测: [0, 6, 0, 6, 0, 0, 6, 6, 6, 4]
[DEBUG] 真实: [1, 5, 0, 4, 0, 0, 1, 4, 1, 5]

[DEBUG] 预测: [6, 2, 6, 4, 2, 6, 0, 4, 0, 4]
[DEBUG] 真实: [6, 1, 6, 5, 6, 4, 0, 6, 5, 4]

[DEBUG] 预测: [4, 6, 6, 6, 6, 0, 0, 2, 0, 6]
[DEBUG] 真实: [4, 4, 2, 4, 1, 2, 0, 5, 2, 1]

[DEBUG] 预测: [0, 0, 2, 6, 6, 0, 2, 6, 6, 6]
[DEBUG] 真实: [2, 0, 5, 4, 6, 0, 5, 5, 4, 5]

[DEBUG] 预测: [0, 6, 6, 0, 4, 0, 2, 4, 0, 6]
[DEBUG] 真实: [0, 2, 5, 2, 4, 6, 4, 4, 0, 5]
Time: 2025-11-28 07:27:02 Eval ---- Epoch [8/100], Iteration [6/6]: F1Score: 0.25
Time: 2025-11-28 07:29:36 Train ---- Epoch [9/100], Iteration [53/53]: Loss: 0.6596230864524841

[DEBUG] 预测: [3, 2, 2, 2, 2, 2, 2, 2, 2, 2]
[DEBUG] 真实: [5, 2, 6, 5, 0, 5, 2, 5, 6, 4]

[DEBUG] 预测: [2, 3, 2, 2, 2, 2, 3, 2, 2, 3]
[DEBUG] 真实: [6, 1, 1, 6, 2, 1, 1, 2, 2, 2]

[DEBUG] 预测: [1, 2, 3, 3, 3, 2, 2, 2, 6, 6]
[DEBUG] 真实: [6, 0, 5, 1, 0, 5, 2, 1, 5, 2]

[DEBUG] 预测: [2, 1, 2, 1, 3, 3, 2, 2, 2, 1]
[DEBUG] 真实: [1, 4, 6, 1, 1, 5, 6, 0, 4, 5]

[DEBUG] 预测: [2, 2, 1, 0, 2, 3, 2, 6, 2, 2]
[DEBUG] 真实: [2, 1, 4, 0, 1, 4, 0, 5, 4, 0]

[DEBUG] 预测: [2, 3, 3, 3, 2, 1, 1, 2, 2, 6]
[DEBUG] 真实: [0, 5, 6, 2, 4, 0, 1, 5, 2, 6]
Time: 2025-11-28 07:30:01 Eval ---- Epoch [9/100], Iteration [6/6]: F1Score: 0.25
Time: 2025-11-28 07:44:46 Train ---- Epoch [10/100], Iteration [53/53]: Loss: 0.6858354806900024

[DEBUG] 预测: [6, 6, 1, 6, 6, 6, 6, 6, 6, 2]
[DEBUG] 真实: [2, 0, 1, 1, 1, 6, 6, 1, 4, 4]

[DEBUG] 预测: [6, 6, 6, 6, 6, 1, 6, 6, 6, 6]
[DEBUG] 真实: [6, 4, 6, 2, 4, 6, 6, 4, 5, 1]

[DEBUG] 预测: [5, 6, 6, 6, 6, 6, 6, 2, 6, 6]
[DEBUG] 真实: [6, 6, 0, 1, 1, 4, 4, 0, 6, 5]

[DEBUG] 预测: [6, 6, 4, 6, 6, 6, 6, 0, 2, 6]
[DEBUG] 真实: [2, 6, 6, 1, 1, 6, 0, 0, 0, 6]

[DEBUG] 预测: [6, 6, 6, 6, 6, 6, 6, 6, 2, 6]
[DEBUG] 真实: [4, 1, 0, 1, 4, 4, 5, 1, 0, 5]


[DEBUG] 预测: [6, 6, 6, 6, 6, 6, 6, 6, 2, 6]
[DEBUG] 真实: [4, 1, 0, 1, 4, 4, 5, 1, 0, 5]

[DEBUG] 预测: [6, 6, 6, 6, 6, 6, 6, 6, 2, 6]
[DEBUG] 真实: [4, 1, 0, 1, 4, 4, 5, 1, 0, 5]

[DEBUG] 预测: [6, 6, 6, 1, 5, 6, 6, 0, 6, 6]
[DEBUG] 真实: [6, 6, 4, 0, 2, 6, 5, 0, 2, 2]
[DEBUG] 真实: [4, 1, 0, 1, 4, 4, 5, 1, 0, 5]

[DEBUG] 预测: [6, 6, 6, 1, 5, 6, 6, 0, 6, 6]
[DEBUG] 真实: [6, 6, 4, 0, 2, 6, 5, 0, 2, 2]

[DEBUG] 预测: [6, 6, 6, 1, 5, 6, 6, 0, 6, 6]
[DEBUG] 真实: [6, 6, 4, 0, 2, 6, 5, 0, 2, 2]
Time: 2025-11-28 07:45:19 Eval ---- Epoch [10/100], Iteration [6/6]: F1Score: 0.20000000298023224
Time: 2025-11-28 07:47:01 Train ---- Epoch [11/100], Iteration [53/53]: Loss: 0.6890757083892822

[DEBUG] 预测: [2, 1, 4, 2, 2, 2, 6, 1, 1, 1]
[DEBUG] 真实: [2, 6, 1, 2, 4, 4, 2, 6, 1, 4]
[DEBUG] 预测: [6, 6, 6, 1, 5, 6, 6, 0, 6, 6]
[DEBUG] 真实: [6, 6, 4, 0, 2, 6, 5, 0, 2, 2]
Time: 2025-11-28 07:45:19 Eval ---- Epoch [10/100], Iteration [6/6]: F1Score: 0.20000000298023224
Time: 2025-11-28 07:47:01 Train ---- Epoch [11/100], Iteration [53/53]: Loss: 0.6890757083892822

[DEBUG] 预测: [2, 1, 4, 2, 2, 2, 6, 1, 1, 1]
[DEBUG] 真实: [2, 6, 1, 2, 4, 4, 2, 6, 1, 4]

[DEBUG] 预测: [1, 2, 4, 4, 4, 5, 4, 2, 1, 5]
Time: 2025-11-28 07:45:19 Eval ---- Epoch [10/100], Iteration [6/6]: F1Score: 0.20000000298023224
Time: 2025-11-28 07:47:01 Train ---- Epoch [11/100], Iteration [53/53]: Loss: 0.6890757083892822

[DEBUG] 预测: [2, 1, 4, 2, 2, 2, 6, 1, 1, 1]
[DEBUG] 真实: [2, 6, 1, 2, 4, 4, 2, 6, 1, 4]

[DEBUG] 预测: [1, 2, 4, 4, 4, 5, 4, 2, 1, 5]

[DEBUG] 预测: [2, 1, 4, 2, 2, 2, 6, 1, 1, 1]
[DEBUG] 真实: [2, 6, 1, 2, 4, 4, 2, 6, 1, 4]

[DEBUG] 预测: [1, 2, 4, 4, 4, 5, 4, 2, 1, 5]

[DEBUG] 预测: [1, 2, 4, 4, 4, 5, 4, 2, 1, 5]
[DEBUG] 真实: [5, 1, 1, 1, 1, 2, 0, 1, 1, 5]

[DEBUG] 预测: [4, 4, 2, 5, 4, 2, 1, 2, 4, 1]
[DEBUG] 真实: [6, 4, 5, 5, 1, 2, 5, 2, 4, 1]

[DEBUG] 预测: [2, 2, 2, 2, 3, 1, 4, 1, 2, 1]
[DEBUG] 真实: [2, 2, 2, 2, 6, 5, 2, 6, 6, 6]

[DEBUG] 预测: [1, 3, 0, 0, 4, 1, 2, 1, 2, 2]
[DEBUG] 真实: [5, 1, 1, 1, 1, 2, 0, 1, 1, 5]

[DEBUG] 预测: [4, 4, 2, 5, 4, 2, 1, 2, 4, 1]
[DEBUG] 真实: [6, 4, 5, 5, 1, 2, 5, 2, 4, 1]

[DEBUG] 预测: [2, 2, 2, 2, 3, 1, 4, 1, 2, 1]
[DEBUG] 真实: [2, 2, 2, 2, 6, 5, 2, 6, 6, 6]

[DEBUG] 预测: [1, 3, 0, 0, 4, 1, 2, 1, 2, 2]
[DEBUG] 预测: [2, 2, 2, 2, 3, 1, 4, 1, 2, 1]
[DEBUG] 真实: [2, 2, 2, 2, 6, 5, 2, 6, 6, 6]

[DEBUG] 预测: [1, 3, 0, 0, 4, 1, 2, 1, 2, 2]
[DEBUG] 真实: [1, 0, 4, 0, 5, 4, 0, 1, 2, 5]

[DEBUG] 预测: [2, 0, 1, 0, 1, 2, 6, 0, 2, 6]
[DEBUG] 真实: [4, 0, 5, 0, 5, 6, 6, 0, 4, 6]
[DEBUG] 预测: [1, 3, 0, 0, 4, 1, 2, 1, 2, 2]
[DEBUG] 真实: [1, 0, 4, 0, 5, 4, 0, 1, 2, 5]

[DEBUG] 预测: [2, 0, 1, 0, 1, 2, 6, 0, 2, 6]
[DEBUG] 真实: [4, 0, 5, 0, 5, 6, 6, 0, 4, 6]
Time: 2025-11-28 07:47:24 Eval ---- Epoch [11/100], Iteration [6/6]: F1Score: 0.4000000059604645
Save model ResNet18 || F1Score:0.4
[DEBUG] 真实: [1, 0, 4, 0, 5, 4, 0, 1, 2, 5]

[DEBUG] 预测: [2, 0, 1, 0, 1, 2, 6, 0, 2, 6]
[DEBUG] 真实: [4, 0, 5, 0, 5, 6, 6, 0, 4, 6]
Time: 2025-11-28 07:47:24 Eval ---- Epoch [11/100], Iteration [6/6]: F1Score: 0.4000000059604645
Save model ResNet18 || F1Score:0.4
Time: 2025-11-28 07:47:24 Eval ---- Epoch [11/100], Iteration [6/6]: F1Score: 0.4000000059604645
Save model ResNet18 || F1Score:0.4
Time: 2025-11-28 07:49:31 Train ---- Epoch [12/100], Iteration [53/53]: Loss: 0.035898372530937195

[DEBUG] 预测: [1, 0, 5, 0, 5, 6, 3, 5, 5, 2]

[DEBUG] 预测: [1, 0, 5, 0, 5, 6, 3, 5, 5, 2]
[DEBUG] 真实: [1, 0, 2, 0, 6, 2, 6, 2, 2, 2]
[DEBUG] 真实: [1, 0, 2, 0, 6, 2, 6, 2, 2, 2]

[DEBUG] 预测: [1, 4, 6, 5, 1, 0, 2, 5, 6, 3]
[DEBUG] 预测: [1, 4, 6, 5, 1, 0, 2, 5, 6, 3]
[DEBUG] 真实: [4, 6, 6, 6, 6, 0, 4, 5, 1, 5]

[DEBUG] 预测: [1, 2, 3, 5, 5, 1, 4, 4, 6, 4]
[DEBUG] 真实: [2, 6, 2, 5, 2, 2, 4, 2, 2, 1]

[DEBUG] 预测: [1, 7, 1, 0, 0, 3, 1, 5, 5, 4]
[DEBUG] 真实: [5, 0, 6, 0, 0, 0, 1, 1, 2, 1]

[DEBUG] 预测: [6, 6, 5, 0, 1, 2, 3, 1, 0, 4]
[DEBUG] 真实: [1, 6, 1, 0, 1, 5, 4, 6, 5, 6]

[DEBUG] 预测: [2, 6, 3, 4, 4, 2, 4, 2, 0, 5]
[DEBUG] 真实: [5, 4, 1, 1, 0, 2, 5, 2, 0, 5]
Time: 2025-11-28 07:49:50 Eval ---- Epoch [12/100], Iteration [6/6]: F1Score: 0.44999998807907104
Save model ResNet18 || F1Score:0.45
Time: 2025-11-28 07:51:40 Train ---- Epoch [13/100], Iteration [53/53]: Loss: 0.033393241465091705

[DEBUG] 预测: [7, 2, 6, 4, 1, 0, 0, 4, 0, 5]
[DEBUG] 真实: [0, 5, 4, 4, 2, 0, 0, 4, 0, 5]

[DEBUG] 预测: [6, 5, 0, 0, 5, 2, 6, 1, 0, 1]
[DEBUG] 预测: [6, 5, 0, 0, 5, 2, 6, 1, 0, 1]
[DEBUG] 真实: [6, 5, 0, 0, 2, 2, 4, 5, 0, 1]

[DEBUG] 预测: [1, 6, 5, 1, 0, 1, 1, 0, 0, 4]
[DEBUG] 预测: [6, 5, 0, 0, 5, 2, 6, 1, 0, 1]
[DEBUG] 真实: [6, 5, 0, 0, 2, 2, 4, 5, 0, 1]

[DEBUG] 预测: [1, 6, 5, 1, 0, 1, 1, 0, 0, 4]
[DEBUG] 预测: [6, 5, 0, 0, 5, 2, 6, 1, 0, 1]
[DEBUG] 真实: [6, 5, 0, 0, 2, 2, 4, 5, 0, 1]

[DEBUG] 预测: [1, 6, 5, 1, 0, 1, 1, 0, 0, 4]
[DEBUG] 真实: [4, 1, 6, 4, 6, 6, 2, 4, 2, 1]
[DEBUG] 预测: [6, 5, 0, 0, 5, 2, 6, 1, 0, 1]
[DEBUG] 真实: [6, 5, 0, 0, 2, 2, 4, 5, 0, 1]

[DEBUG] 预测: [1, 6, 5, 1, 0, 1, 1, 0, 0, 4]
[DEBUG] 预测: [6, 5, 0, 0, 5, 2, 6, 1, 0, 1]
[DEBUG] 真实: [6, 5, 0, 0, 2, 2, 4, 5, 0, 1]
[DEBUG] 预测: [6, 5, 0, 0, 5, 2, 6, 1, 0, 1]
[DEBUG] 真实: [6, 5, 0, 0, 2, 2, 4, 5, 0, 1]

[DEBUG] 预测: [6, 5, 0, 0, 5, 2, 6, 1, 0, 1]
[DEBUG] 真实: [6, 5, 0, 0, 2, 2, 4, 5, 0, 1]

[DEBUG] 预测: [6, 5, 0, 0, 5, 2, 6, 1, 0, 1]
[DEBUG] 真实: [6, 5, 0, 0, 2, 2, 4, 5, 0, 1]
[DEBUG] 预测: [6, 5, 0, 0, 5, 2, 6, 1, 0, 1]
[DEBUG] 预测: [6, 5, 0, 0, 5, 2, 6, 1, 0, 1]
[DEBUG] 真实: [6, 5, 0, 0, 2, 2, 4, 5, 0, 1]

[DEBUG] 预测: [1, 6, 5, 1, 0, 1, 1, 0, 0, 4]
[DEBUG] 真实: [4, 1, 6, 4, 6, 6, 2, 4, 2, 1]

[DEBUG] 预测: [2, 2, 2, 4, 6, 1, 4, 3, 6, 3]
[DEBUG] 真实: [0, 0, 1, 6, 5, 1, 5, 4, 4, 1]

[DEBUG] 预测: [4, 1, 0, 4, 0, 4, 2, 1, 6, 1]
[DEBUG] 真实: [1, 1, 4, 6, 0, 1, 4, 1, 5, 1]

[DEBUG] 预测: [4, 4, 6, 5, 0, 1, 5, 1, 1, 4]
[DEBUG] 真实: [5, 4, 6, 6, 0, 5, 4, 2, 1, 1]
Time: 2025-11-28 07:52:00 Eval ---- Epoch [13/100], Iteration [6/6]: F1Score: 0.4000000059604645
Time: 2025-11-28 07:54:00 Train ---- Epoch [14/100], Iteration [53/53]: Loss: 0.05563417822122574

[DEBUG] 预测: [1, 5, 1, 0, 0, 1, 2, 5, 0, 5]
[DEBUG] 真实: [5, 4, 1, 0, 0, 1, 2, 4, 0, 4]

[DEBUG] 预测: [5, 0, 0, 5, 6, 4, 6, 5, 4, 2]
[DEBUG] 真实: [2, 4, 1, 1, 2, 6, 6, 1, 6, 2]

[DEBUG] 预测: [3, 3, 6, 2, 2, 3, 4, 1, 1, 4]
[DEBUG] 真实: [0, 0, 5, 2, 0, 6, 1, 5, 4, 5]

[DEBUG] 预测: [5, 0, 2, 4, 0, 2, 2, 4, 5, 1]
[DEBUG] 真实: [5, 2, 2, 6, 2, 1, 4, 2, 6, 4]

[DEBUG] 预测: [4, 2, 0, 1, 4, 6, 6, 5, 6, 5]
[DEBUG] 真实: [0, 2, 6, 2, 6, 1, 4, 5, 5, 4]

[DEBUG] 预测: [5, 1, 0, 5, 6, 3, 6, 4, 2, 0]
[DEBUG] 真实: [5, 4, 0, 5, 4, 6, 1, 5, 2, 0]
Time: 2025-11-28 07:54:17 Eval ---- Epoch [14/100], Iteration [6/6]: F1Score: 0.44999998807907104
Time: 2025-11-28 07:56:27 Train ---- Epoch [15/100], Iteration [53/53]: Loss: 0.012729143723845482

[DEBUG] 预测: [5, 1, 3, 1, 5, 4, 1, 4, 1, 5]
[DEBUG] 真实: [5, 2, 4, 5, 4, 6, 5, 6, 1, 6]

[DEBUG] 预测: [6, 2, 0, 0, 6, 6, 3, 4, 6, 1]
[DEBUG] 真实: [4, 2, 0, 0, 1, 5, 0, 2, 2, 1]

[DEBUG] 预测: [4, 4, 2, 2, 1, 2, 2, 1, 3, 6]
[DEBUG] 真实: [2, 4, 1, 2, 4, 2, 2, 1, 5, 4]

[DEBUG] 预测: [2, 4, 6, 1, 4, 0, 3, 4, 4, 0]
[DEBUG] 真实: [1, 6, 5, 1, 2, 0, 5, 1, 1, 0]

[DEBUG] 预测: [1, 0, 3, 3, 5, 5, 0, 4, 2, 4]
[DEBUG] 真实: [4, 0, 0, 4, 6, 1, 0, 1, 6, 2]

[DEBUG] 预测: [3, 1, 2, 2, 5, 3, 2, 0, 0, 2]
[DEBUG] 真实: [1, 4, 0, 2, 5, 6, 4, 0, 0, 6]
Time: 2025-11-28 07:56:47 Eval ---- Epoch [15/100], Iteration [6/6]: F1Score: 0.4000000059604645
Time: 2025-11-28 07:58:58 Train ---- Epoch [16/100], Iteration [53/53]: Loss: 0.032727405428886414

[DEBUG] 预测: [3, 2, 4, 4, 5, 6, 2, 4, 2, 6]
[DEBUG] 真实: [4, 2, 4, 2, 5, 4, 2, 5, 1, 5]

[DEBUG] 预测: [1, 5, 3, 0, 1, 1, 3, 1, 1, 0]
[DEBUG] 真实: [2, 6, 4, 0, 1, 2, 0, 4, 4, 0]

[DEBUG] 预测: [3, 6, 2, 3, 1, 4, 0, 0, 2, 5]
[DEBUG] 真实: [5, 1, 5, 2, 5, 6, 0, 4, 6, 5]

[DEBUG] 预测: [4, 2, 2, 1, 3, 1, 4, 1, 0, 1]
[DEBUG] 真实: [1, 2, 5, 6, 0, 1, 1, 6, 2, 5]

[DEBUG] 预测: [1, 2, 0, 5, 0, 0, 4, 6, 5, 1]
[DEBUG] 真实: [4, 2, 0, 2, 0, 0, 6, 2, 6, 2]

[DEBUG] 预测: [6, 4, 4, 6, 6, 1, 5, 0, 4, 1]
[DEBUG] 真实: [5, 4, 0, 6, 4, 2, 1, 0, 2, 1]
Time: 2025-11-28 07:59:22 Eval ---- Epoch [16/100], Iteration [6/6]: F1Score: 0.44999998807907104
Time: 2025-11-28 08:01:42 Train ---- Epoch [17/100], Iteration [53/53]: Loss: 0.01792076975107193

[DEBUG] 预测: [2, 2, 4, 2, 3, 0, 5, 6, 0, 0]
[DEBUG] 真实: [2, 6, 6, 2, 2, 0, 4, 2, 0, 0]

[DEBUG] 预测: [1, 2, 0, 5, 0, 0, 4, 6, 5, 1]
[DEBUG] 真实: [4, 2, 0, 2, 0, 0, 6, 2, 6, 2]

[DEBUG] 预测: [6, 4, 4, 6, 6, 1, 5, 0, 4, 1]
[DEBUG] 真实: [5, 4, 0, 6, 4, 2, 1, 0, 2, 1]
Time: 2025-11-28 07:59:22 Eval ---- Epoch [16/100], Iteration [6/6]: F1Score: 0.44999998807907104
Time: 2025-11-28 08:01:42 Train ---- Epoch [17/100], Iteration [53/53]: Loss: 0.01792076975107193

[DEBUG] 预测: [2, 2, 4, 2, 3, 0, 5, 6, 0, 0]
[DEBUG] 真实: [2, 6, 6, 2, 2, 0, 4, 2, 0, 0]


[DEBUG] 预测: [6, 4, 4, 6, 6, 1, 5, 0, 4, 1]
[DEBUG] 真实: [5, 4, 0, 6, 4, 2, 1, 0, 2, 1]
Time: 2025-11-28 07:59:22 Eval ---- Epoch [16/100], Iteration [6/6]: F1Score: 0.44999998807907104
Time: 2025-11-28 08:01:42 Train ---- Epoch [17/100], Iteration [53/53]: Loss: 0.01792076975107193

[DEBUG] 预测: [2, 2, 4, 2, 3, 0, 5, 6, 0, 0]
[DEBUG] 真实: [2, 6, 6, 2, 2, 0, 4, 2, 0, 0]

[DEBUG] 真实: [5, 4, 0, 6, 4, 2, 1, 0, 2, 1]
Time: 2025-11-28 07:59:22 Eval ---- Epoch [16/100], Iteration [6/6]: F1Score: 0.44999998807907104
Time: 2025-11-28 08:01:42 Train ---- Epoch [17/100], Iteration [53/53]: Loss: 0.01792076975107193

[DEBUG] 预测: [2, 2, 4, 2, 3, 0, 5, 6, 0, 0]
[DEBUG] 真实: [2, 6, 6, 2, 2, 0, 4, 2, 0, 0]

Time: 2025-11-28 07:59:22 Eval ---- Epoch [16/100], Iteration [6/6]: F1Score: 0.44999998807907104
Time: 2025-11-28 08:01:42 Train ---- Epoch [17/100], Iteration [53/53]: Loss: 0.01792076975107193

[DEBUG] 预测: [2, 2, 4, 2, 3, 0, 5, 6, 0, 0]
[DEBUG] 真实: [2, 6, 6, 2, 2, 0, 4, 2, 0, 0]


[DEBUG] 预测: [2, 2, 4, 2, 3, 0, 5, 6, 0, 0]
[DEBUG] 真实: [2, 6, 6, 2, 2, 0, 4, 2, 0, 0]

[DEBUG] 真实: [2, 6, 6, 2, 2, 0, 4, 2, 0, 0]


[DEBUG] 预测: [0, 5, 0, 1, 1, 0, 1, 1, 6, 6]
[DEBUG] 真实: [0, 5, 0, 1, 4, 0, 4, 1, 6, 6]

[DEBUG] 真实: [0, 5, 0, 1, 4, 0, 4, 1, 6, 6]

[DEBUG] 预测: [1, 2, 2, 1, 1, 1, 1, 1, 2, 0]
[DEBUG] 真实: [1, 5, 1, 5, 4, 5, 2, 5, 6, 0]

[DEBUG] 预测: [1, 2, 2, 1, 1, 1, 1, 1, 2, 0]
[DEBUG] 真实: [1, 5, 1, 5, 4, 5, 2, 5, 6, 0]

[DEBUG] 预测: [1, 2, 2, 1, 1, 1, 1, 1, 2, 0]
[DEBUG] 真实: [1, 5, 1, 5, 4, 5, 2, 5, 6, 0]

[DEBUG] 预测: [2, 6, 5, 2, 5, 1, 3, 2, 3, 5]

[DEBUG] 预测: [2, 6, 5, 2, 5, 1, 3, 2, 3, 5]
[DEBUG] 预测: [2, 6, 5, 2, 5, 1, 3, 2, 3, 5]
[DEBUG] 真实: [2, 4, 6, 0, 6, 1, 1, 2, 4, 5]

[DEBUG] 真实: [2, 4, 6, 0, 6, 1, 1, 2, 4, 5]


[DEBUG] 预测: [4, 3, 1, 1, 2, 0, 0, 3, 1, 0]
[DEBUG] 真实: [2, 0, 1, 1, 4, 5, 0, 6, 5, 0]
[DEBUG] 预测: [4, 3, 1, 1, 2, 0, 0, 3, 1, 0]
[DEBUG] 真实: [2, 0, 1, 1, 4, 5, 0, 6, 5, 0]

[DEBUG] 真实: [2, 0, 1, 1, 4, 5, 0, 6, 5, 0]


[DEBUG] 预测: [1, 4, 6, 4, 0, 4, 6, 6, 0, 1]
[DEBUG] 真实: [1, 1, 4, 1, 4, 6, 5, 6, 0, 2]
Time: 2025-11-28 08:02:04 Eval ---- Epoch [17/100], Iteration [6/6]: F1Score: 0.4000000059604645
Time: 2025-11-28 08:04:18 Train ---- Epoch [18/100], Iteration [53/53]: Loss: 0.00722696166485548

[DEBUG] 预测: [2, 0, 2, 6, 1, 6, 3, 1, 2, 4]
[DEBUG] 真实: [2, 0, 2, 4, 5, 1, 1, 4, 1, 1]

[DEBUG] 预测: [4, 4, 6, 7, 0, 6, 0, 0, 4, 2]
[DEBUG] 真实: [6, 6, 1, 0, 1, 6, 0, 4, 6, 4]
[DEBUG] 真实: [6, 6, 1, 0, 1, 6, 0, 4, 6, 4]

[DEBUG] 预测: [2, 0, 5, 6, 4, 6, 0, 2, 2, 5]
[DEBUG] 真实: [4, 0, 2, 5, 1, 6, 0, 2, 2, 5]

[DEBUG] 预测: [5, 1, 1, 1, 5, 4, 2, 1, 5, 4]
[DEBUG] 真实: [6, 5, 6, 4, 1, 1, 2, 4, 5, 4]

[DEBUG] 预测: [5, 2, 1, 6, 3, 1, 4, 6, 3, 2]
[DEBUG] 真实: [1, 4, 1, 2, 2, 2, 0, 6, 5, 2]

[DEBUG] 预测: [4, 0, 2, 0, 2, 6, 1, 0, 0, 5]
[DEBUG] 真实: [1, 0, 6, 0, 0, 6, 5, 2, 5, 4]
Time: 2025-11-28 08:04:42 Eval ---- Epoch [18/100], Iteration [6/6]: F1Score: 0.25
Time: 2025-11-28 08:06:33 Train ---- Epoch [19/100], Iteration [53/53]: Loss: 0.010301749221980572

[DEBUG] 预测: [2, 2, 6, 1, 0, 2, 5, 6, 4, 4]
[DEBUG] 真实: [1, 6, 4, 2, 0, 5, 5, 4, 1, 6]

[DEBUG] 预测: [3, 2, 4, 1, 1, 0, 5, 1, 4, 6]
[DEBUG] 真实: [0, 2, 6, 2, 4, 0, 5, 5, 4, 5]

[DEBUG] 预测: [5, 6, 1, 5, 6, 1, 1, 6, 1, 0]
[DEBUG] 真实: [2, 2, 5, 2, 4, 1, 5, 5, 4, 0]

[DEBUG] 预测: [4, 4, 3, 1, 5, 2, 0, 5, 6, 6]
[DEBUG] 真实: [4, 2, 2, 1, 5, 2, 2, 1, 6, 6]

[DEBUG] 预测: [6, 0, 1, 3, 0, 4, 4, 6, 6, 4]
[DEBUG] 真实: [4, 2, 2, 5, 4, 6, 5, 1, 4, 0]

[DEBUG] 预测: [2, 0, 4, 0, 1, 6, 6, 0, 1, 2]
[DEBUG] 真实: [6, 0, 5, 0, 1, 6, 6, 0, 1, 2]
Time: 2025-11-28 08:06:48 Eval ---- Epoch [19/100], Iteration [6/6]: F1Score: 0.5
Save model ResNet18 || F1Score:0.5